11.174220
10.060653
4.433455
12.731023
8.819677
8.272942
12.409250
9.996385
11.116608
7.271345
9.888254
12.685127
8.590660
7.534228
4.490910
5.622144
10.568386
11.011320
13.680787
12.087739
7.065960
6.815761
4.325604
12.875366
4.354359
11.869568
4.619375
13.784211
4.701784
13.298041
4.400378
14.125370
4.348546
14.521511
4.352828
12.784310
12.316433
17.491362
13.232696
6.640447
12.801846
12.661513
13.070220
6.689204
13.355706
6.875290
12.280695
17.128263
12.893015
9.848739
13.661175
12.058777
13.625760
12.094541
13.579740
12.103508
13.181310
8.764490
13.322340
9.149508
13.336333
15.874069
4.861450
11.059907
13.551571
17.400856
13.383162
10.269256
13.503900
15.516398
14.104045
14.993716
12.506311
17.764498
13.415583
11.754439
4.395866
13.140937
13.552976
7.378131
13.419753
13.601010
13.575375
12.307000
13.886322
17.323748
12.463241
15.337273
13.414989
10.222800
14.542666
12.016353
13.282618
13.523522
13.389485
12.071672
13.843696
9.368243
13.675644
16.305946
